1301
1750
1911
2655
2795
4235
3652
2828
570
4783
1577
1190
3034
461
464
433
4610
3037
2623
3569
4552
1305
3856
200
4481
3720
4038
2177
169
2796
4951
8945
8560
4389
1781
6623
7727
3385
1169
2774
8203
7737
2652
6238
820
7523
4953
4553
8664
8536
8988
3354
1611
671
3634
1174
1929
7192
4227
7390
2802
5761
65941
12608
1834
45789
97827
31447
565
21345
89057
83013
25953
80068
81263
36649
84840
48367
87963
46082
38806
35607
86604
27024
51368
330831
805620
47709
409125
529504
256557
361795
958299
484638
224967
516518
747596
700434
141501
2077
122696
493012
891931
241795
191148
595866
537653
887890
467694
1759765
9241799
7806849
2999166
2906898
5497268
1702254
4420717
7476891
7336145
2660279
9126390
5750766
2621566
661203
3925714
1616010
4353887
9819489
1100345
8898615
8233213
515373
5990206
4343906
313674
